[-0.8  0.8]
[-0.57999997  0.58      ]
[-0.64  0.64]
[-0.66000001  0.66      ]
[-0.42  0.42]
[-0.65999998  0.66      ]
[-0.52  0.52]
[-0.34000001  0.34000001]
[-0.34000002  0.34000001]
[-0.43999999  0.44      ]
[-0.48000001  0.48000001]
[-0.42        0.41999999]
[-0.28000002  0.27999999]
[-0.38000001  0.37999999]
[-0.24  0.24]
[-0.34000002  0.34000001]
[-0.37999998  0.38      ]
[-0.22        0.21999999]
[-0.36000002  0.36      ]
[-0.32        0.32000001]
[-0.41999999  0.42      ]
[-0.42        0.41999999]
[-0.16        0.15999998]
[-0.06000001  0.05999999]
[-0.39999999  0.40000001]
[-0.25999999  0.26000001]
[-0.32000001  0.32      ]
[-0.32        0.32000001]
[-0.21999999  0.21999999]
[-0.32        0.31999998]
[-0.38000001  0.38      ]
[-0.28        0.27999999]
[-0.26000001  0.25999999]
[-0.21999999  0.21999999]
[-0.36000002  0.36      ]
[-0.24        0.24000001]
[-0.18000001  0.18      ]
[-0.18  0.18]
[-0.24  0.24]
[-0.31999998  0.32000001]
[-0.24000001  0.24      ]
[-0.1         0.10000001]
[-0.32000001  0.32      ]
[-0.14  0.14]
[-0.03999999  0.04000001]
[-0.36        0.36000001]
[-0.11999999  0.12000002]
[-0.24  0.24]
[-0.26        0.25999999]
[-0.06        0.05999999]
[-0.17999999  0.18      ]
[-0.1  0.1]
[-0.20000001  0.20000001]
[-0.16        0.16000001]
[-0.08000001  0.08000002]
[-0.02  0.02]
[ 4.47034837e-09 -1.19209289e-08]
[-0.04        0.03999998]
[-0.04000001  0.04000002]
[-0.12        0.11999999]
[-0.06        0.06000002]
[-0.26000001  0.25999999]
[-0.1  0.1]
[-0.14  0.14]
[-0.19999999  0.20000001]
[ 0.04       -0.04000003]
[-0.03999999  0.04000001]
[ 4.47034837e-09 -1.19209289e-08]
[-0.04        0.03999998]
[-0.04        0.03999998]
[ 0.08 -0.08]
[ 4.47034837e-09 -1.19209289e-08]
[-0.1         0.10000001]
[ 0.08 -0.08]
[ 0.12       -0.11999999]
[-2.98023223e-09 -1.19209289e-08]
[-0.14  0.14]
[-0.11999999  0.12000001]
[ 0.06       -0.06000001]
[ 0.1        -0.10000001]
[ 0.06       -0.05999998]
[-0.14  0.14]
[-0.12        0.12000001]
[ 4.47034837e-09 -1.19209289e-08]
[ 0.04       -0.04000003]
[ 0.06       -0.06000001]
[ 0.04 -0.04]
[ 0.08       -0.08000003]
[ 0.02       -0.01999999]
[-0.02        0.01999998]
[ 0.12       -0.12000002]
[ 0.14 -0.14]
[ 0.18       -0.18000002]
[ 0.06       -0.06000001]
[ 0.06       -0.05999998]
[ 0.12       -0.11999999]
[ 0.04 -0.04]
[ 0.16       -0.16000001]
[ 0.1        -0.10000001]
[ 0.1        -0.10000001]
[ 0.12       -0.11999999]
[ 0.12       -0.11999999]
[ 0.14       -0.14000003]
[ 0.16       -0.16000001]
[ 0.12       -0.12000002]
[ 0.12       -0.11999999]
[ 0.14 -0.14]
[ 0.14 -0.14]
[ 0.12       -0.11999999]
[ 0.18       -0.17999999]
[ 0.16       -0.16000001]
[ 0.16       -0.16000001]
[ 0.18       -0.17999999]
[ 0.18       -0.18000002]
[ 0.08 -0.08]
[ 0.16       -0.15999998]
[ 0.14       -0.13999997]
[ 0.16       -0.16000001]
[ 0.2        -0.20000003]
[ 0.16       -0.15999998]
[ 0.16       -0.15999998]
[ 0.14       -0.14000003]
[ 0.16       -0.16000001]
[ 0.16       -0.16000001]
[ 0.18       -0.17999999]
[ 0.16       -0.16000001]
[ 0.18       -0.18000002]
[ 0.16       -0.16000004]
[ 0.14 -0.14]
[ 0.2        -0.20000003]
[ 0.14       -0.14000003]
[ 0.16       -0.16000004]
[ 0.16       -0.15999998]
[ 0.16       -0.16000001]
[ 0.18       -0.17999999]
[ 0.16       -0.15999998]
[ 0.16       -0.15999998]
[ 0.16       -0.15999998]
[ 0.2        -0.19999997]
[ 0.2        -0.20000003]
[ 0.2 -0.2]
[ 0.16       -0.16000001]
[ 0.18       -0.18000002]
[ 0.16       -0.15999998]
[ 0.14 -0.14]
[ 0.16       -0.15999998]
[ 0.2 -0.2]
[ 0.2        -0.20000003]
[ 0.16       -0.16000001]
[ 0.14 -0.14]
[ 0.18       -0.17999999]
[ 0.2        -0.19999997]
[ 0.2        -0.20000003]
[ 0.16       -0.16000001]
[ 0.18       -0.17999999]
[ 0.16       -0.15999998]
[ 0.16       -0.15999998]
[ 0.2        -0.19999997]
[ 0.18       -0.18000002]
[ 0.18       -0.17999999]
[ 0.2        -0.20000003]
[ 0.2        -0.20000003]
[ 0.2        -0.20000003]
[ 0.18       -0.17999999]
[ 0.18       -0.17999999]
[ 0.18       -0.18000002]
[ 0.16       -0.16000001]
[ 0.18       -0.17999999]
[ 0.18       -0.17999999]
[ 0.2        -0.19999997]
[ 0.2 -0.2]
[ 0.2 -0.2]
[ 0.2 -0.2]
[ 0.2        -0.19999997]
[ 0.2 -0.2]
[ 0.16       -0.16000001]
[ 0.16       -0.16000001]
[ 0.2        -0.20000003]
[ 0.18       -0.17999999]
[ 0.2        -0.20000003]
[ 0.2        -0.19999997]
[ 0.2 -0.2]
[ 0.2        -0.20000003]
[ 0.18       -0.17999999]
[ 0.2 -0.2]
[ 0.2        -0.20000003]
[ 0.18       -0.17999999]
[ 0.16       -0.15999998]
[ 0.16       -0.16000001]
[ 0.2        -0.20000003]
[ 0.18       -0.18000002]
[ 0.2        -0.19999997]
[ 0.08 -0.08]
[ 0.16       -0.16000001]
[ 0.18       -0.17999999]
[ 0.18       -0.17999999]
[ 0.18       -0.18000002]
[ 0.2 -0.2]
[ 0.16       -0.15999998]
[ 0.2        -0.19999997]
[ 0.14 -0.14]
[ 0.2        -0.19999997]
[ 0.2        -0.20000003]
[ 0.18       -0.17999999]
[ 0.2 -0.2]
[ 0.2        -0.19999997]
[ 0.2        -0.20000003]
[ 0.14       -0.14000003]
[ 0.2 -0.2]
[ 0.2 -0.2]
[ 0.2        -0.19999997]
[ 0.2        -0.19999997]
[ 0.18       -0.18000002]
[ 0.18       -0.17999999]
[ 0.2 -0.2]
[ 0.2 -0.2]
[ 0.2        -0.19999997]
[ 0.2        -0.19999997]
[ 0.2        -0.19999997]
[ 0.2 -0.2]
[ 0.2 -0.2]
[ 0.2        -0.20000003]
[ 0.2        -0.19999997]
[ 0.2 -0.2]
[ 0.16       -0.16000001]
[ 0.18       -0.18000002]
[ 0.18       -0.17999999]
[ 0.2 -0.2]
[ 0.18       -0.18000002]
[ 0.2        -0.19999997]
[ 0.2        -0.20000003]
[ 0.18       -0.18000002]
[ 0.2        -0.19999997]
[ 0.2        -0.20000003]
[ 0.16       -0.16000001]
[ 0.18       -0.17999999]
[ 0.2        -0.19999997]
[ 0.2        -0.19999997]
[ 0.18       -0.17999999]
[ 0.18       -0.17999999]
[ 0.2 -0.2]
[ 0.16       -0.16000001]
[ 0.18       -0.17999999]
[ 0.16       -0.16000001]
[ 0.2        -0.19999997]
[ 0.18       -0.18000002]
[ 0.2 -0.2]
[ 0.2        -0.19999997]
[ 0.18       -0.17999999]
[ 0.18       -0.18000002]
[ 0.16       -0.16000004]
[ 0.16       -0.16000001]
[ 0.2        -0.19999997]
[ 0.18       -0.18000002]
[ 0.16       -0.16000001]
[ 0.18       -0.17999999]
[ 0.2 -0.2]
[ 0.18       -0.17999999]
[ 0.2        -0.19999997]
[ 0.2        -0.20000003]
[ 0.2 -0.2]
[ 0.18       -0.17999999]
[ 0.2        -0.20000003]
[ 0.18       -0.17999999]
[ 0.2        -0.20000003]
[ 0.18       -0.17999999]
[ 0.2        -0.20000003]
[ 0.18       -0.18000002]
[ 0.16       -0.16000001]
[ 0.18       -0.17999999]
[ 0.2        -0.19999997]
[ 0.2        -0.19999997]
[ 0.2        -0.19999997]
[ 0.18       -0.18000002]
[ 0.2        -0.20000003]
[ 0.2 -0.2]
[ 0.2        -0.20000003]
[ 0.18       -0.17999999]
[ 0.2        -0.20000003]
[ 0.2        -0.20000003]
[ 0.2 -0.2]
[ 0.2        -0.19999997]
[ 0.2 -0.2]
[ 0.2        -0.20000003]
[ 0.2        -0.20000003]
[ 0.2 -0.2]
[ 0.18       -0.17999999]
[ 0.18       -0.17999999]
[ 0.2        -0.19999997]
[ 0.2 -0.2]
[ 0.18       -0.17999999]
[ 0.18       -0.17999999]
[ 0.2 -0.2]
[ 0.2 -0.2]
[ 0.18       -0.18000002]
[ 0.2        -0.20000003]
[ 0.2        -0.19999997]
[ 0.18       -0.18000002]
[ 0.18       -0.17999999]
[ 0.2        -0.19999997]
[ 0.18       -0.17999999]
[ 0.18       -0.18000002]
[ 0.2 -0.2]
[ 0.2 -0.2]
[ 0.2 -0.2]
[ 0.2        -0.19999997]
[ 0.2        -0.20000003]
[ 0.2        -0.19999997]
[ 0.2        -0.20000003]
[ 0.2        -0.20000003]
[ 0.18       -0.17999999]
[ 0.18       -0.17999999]
[ 0.2 -0.2]
[ 0.2        -0.19999997]
[ 0.2 -0.2]
[ 0.2        -0.19999997]
[ 0.2        -0.20000003]
[ 0.16       -0.16000001]
[ 0.18       -0.17999999]
[ 0.2 -0.2]
[ 0.16       -0.16000001]
[ 0.16       -0.16000001]
[ 0.2 -0.2]
[ 0.18       -0.17999999]
[ 0.16       -0.15999998]
[ 0.2        -0.20000003]
[ 0.16       -0.16000001]
[ 0.2        -0.20000003]
[ 0.2 -0.2]
[ 0.2 -0.2]
[ 0.2        -0.20000003]
[ 0.2        -0.20000003]
[ 0.2        -0.19999997]
[ 0.2 -0.2]
[ 0.18       -0.17999999]
[ 0.2 -0.2]
[ 0.16       -0.16000001]
[ 0.2        -0.20000003]
[ 0.2        -0.20000003]
[ 0.2        -0.19999997]
[ 0.2 -0.2]
[ 0.2 -0.2]
[ 0.18       -0.17999999]
[ 0.18       -0.17999999]
[ 0.18       -0.17999999]
[ 0.18       -0.17999999]
[ 0.2        -0.19999997]
[ 0.2        -0.19999997]
[ 0.2        -0.19999997]
[ 0.2 -0.2]
[ 0.18       -0.18000002]
[ 0.18       -0.18000002]
[ 0.2        -0.20000003]
[ 0.16       -0.16000001]
[ 0.2        -0.20000003]
[ 0.18       -0.17999999]
[ 0.12       -0.11999999]
[ 0.16       -0.15999998]
[ 0.2        -0.19999997]
[ 0.16       -0.16000001]
[ 0.18       -0.17999999]
[ 0.16       -0.16000001]
[ 0.18       -0.17999999]
[ 0.18       -0.18000002]
[ 0.18       -0.17999999]
[ 0.2 -0.2]
[ 0.2        -0.19999997]
[ 0.18       -0.17999999]
[ 0.2        -0.20000003]
[ 0.18       -0.17999999]
[ 0.2        -0.20000003]
[ 0.2        -0.19999997]
[ 0.18       -0.17999999]
[ 0.2 -0.2]
[ 0.2        -0.19999997]
[ 0.18       -0.17999999]
[ 0.18       -0.17999999]
[ 0.18       -0.18000002]
[ 0.18       -0.18000002]
[ 0.2        -0.19999997]
[ 0.2        -0.19999997]
[ 0.18       -0.17999999]
[ 0.2        -0.19999997]
[ 0.2 -0.2]
[ 0.18       -0.17999999]
[ 0.16       -0.16000001]
[ 0.2 -0.2]
[ 0.2        -0.19999997]
[ 0.14       -0.13999997]
[ 0.2        -0.19999997]
[ 0.12       -0.12000002]
[ 0.18       -0.17999999]
[ 0.2        -0.19999997]
[ 0.2        -0.20000003]
[ 0.2        -0.19999997]
[ 0.2        -0.19999997]
[ 0.2 -0.2]
[ 0.2        -0.20000003]
[ 0.18       -0.17999999]
[ 0.14       -0.14000003]
[ 0.2 -0.2]
[ 0.2 -0.2]
[ 0.2        -0.19999997]
[ 0.2        -0.20000003]
[ 0.2 -0.2]
[ 0.2        -0.19999997]
[ 0.16       -0.15999998]
[ 0.18       -0.17999999]
[ 0.2 -0.2]
[ 0.18       -0.17999999]
[ 0.2 -0.2]
[ 0.2 -0.2]
[ 0.2 -0.2]
[ 0.18       -0.17999999]
[ 0.2 -0.2]
[ 0.18       -0.17999999]
[ 0.2 -0.2]
[ 0.2        -0.20000003]
[ 0.18       -0.17999999]
[ 0.2        -0.20000003]
[ 0.2 -0.2]
[ 0.2 -0.2]
[ 0.2        -0.19999997]
[ 0.2        -0.20000003]
[ 0.2        -0.20000003]
[ 0.2 -0.2]
[ 0.2        -0.20000003]
[ 0.2        -0.20000003]
[ 0.14 -0.14]
[ 0.16       -0.15999998]
[ 0.2        -0.20000003]
[ 0.2        -0.19999997]
[ 0.18       -0.17999999]
[ 0.2 -0.2]
[ 0.18       -0.17999999]
[ 0.2 -0.2]
[ 0.2        -0.20000003]
[ 0.14 -0.14]
[ 0.18       -0.18000002]
[ 0.2        -0.19999997]
[ 0.16       -0.15999998]
[ 0.18       -0.17999999]
[ 0.2        -0.19999997]
[ 0.2        -0.19999997]
[ 0.12       -0.11999999]
[ 0.18       -0.17999999]
[ 0.2        -0.19999997]
[ 0.18       -0.17999999]
[ 0.16       -0.15999998]
[ 0.18       -0.17999999]
[ 0.18       -0.17999999]
[ 0.18       -0.18000002]
[ 0.2        -0.19999997]
[ 0.2 -0.2]
[ 0.18       -0.17999999]
[ 0.16       -0.16000001]
[ 0.18       -0.17999999]
[ 0.2 -0.2]
[ 0.18       -0.18000002]
[ 0.18       -0.17999999]
[ 0.18       -0.17999999]
[ 0.2 -0.2]
[ 0.16       -0.16000001]
[ 0.18       -0.17999999]
[ 0.18       -0.17999999]
[ 0.2 -0.2]
[ 0.18       -0.17999999]
[ 0.18       -0.17999999]
[ 0.18       -0.17999999]
[ 0.2        -0.19999997]
[ 0.2        -0.19999997]
[ 0.2 -0.2]
[ 0.2 -0.2]
[ 0.2        -0.20000003]
[ 0.2        -0.20000003]
[ 0.2        -0.20000003]
[ 0.2        -0.19999997]
[ 0.2        -0.19999997]
[ 0.2        -0.20000003]
[ 0.18       -0.17999999]
[ 0.18       -0.17999999]
[ 0.18       -0.18000002]
[ 0.2        -0.19999997]
[ 0.2        -0.20000003]
[ 0.2 -0.2]
[ 0.16       -0.16000001]
[ 0.16       -0.16000001]
[ 0.2        -0.19999997]
[ 0.18       -0.17999999]
[ 0.16       -0.16000004]
[ 0.2        -0.19999997]
[ 0.18       -0.17999999]
[ 0.14       -0.13999997]
[ 0.18       -0.18000002]
[ 0.2 -0.2]
[ 0.16       -0.16000001]
[ 0.16       -0.16000001]
[ 0.16       -0.16000004]
[ 0.2 -0.2]
[ 0.2        -0.19999997]
[ 0.16       -0.15999998]
[ 0.18       -0.18000002]
[ 0.18       -0.17999999]
[ 0.14 -0.14]
[ 0.2        -0.20000003]
[ 0.18       -0.18000002]
[ 0.18       -0.17999999]
[ 0.2 -0.2]
[ 0.18       -0.17999999]
[ 0.18       -0.18000002]
[ 0.2        -0.19999997]
[ 0.2 -0.2]
[ 0.2        -0.20000003]
[ 0.2        -0.19999997]
[ 0.18       -0.18000002]
[ 0.2 -0.2]
[ 0.2        -0.19999997]
[ 0.14       -0.14000003]
[ 0.18       -0.18000002]
[ 0.16       -0.16000001]
[ 0.16       -0.16000001]
[ 0.2        -0.19999997]
