[-0.8  0.8]
[ 0.06       -0.05999998]
[-0.14  0.14]
[ 0.06       -0.06000001]
[ 0.02       -0.01999999]
[ 0.12       -0.11999999]
[ 0.1        -0.10000001]
[ 0.02       -0.01999999]
[-0.03999999  0.04000001]
[-0.02  0.02]
[ 0.04 -0.04]
[-0.06        0.06000002]
[-6.70552253e-09 -1.19209289e-08]
[-0.03999999  0.04000001]
[ 0.06       -0.05999998]
[-0.03999999  0.04000001]
[ 0.02       -0.02000002]
[ 0.04 -0.04]
[ 0.08       -0.07999998]
[-0.06        0.05999999]
[-0.04        0.04000001]
[-0.08  0.08]
[ 4.47034837e-09 -1.19209289e-08]
[-0.04000001  0.04000001]
[-0.02  0.02]
[ 0.06       -0.05999998]
[ 0.08 -0.08]
[-0.04        0.04000001]
[-0.02  0.02]
[-0.02000001  0.02      ]
[-0.02        0.01999998]
[ 0.12       -0.11999999]
[-0.02  0.02]
[-0.04        0.04000001]
[ 0.04       -0.03999997]
[-0.02        0.01999997]
[-0.02  0.02]
[-0.06        0.06000002]
[ 0.04 -0.04]
[ 7.45058071e-10 -1.19209289e-08]
[-0.06        0.06000002]
[-0.03999999  0.03999998]
[-0.02  0.02]
[ 0.04 -0.04]
[ 0.04 -0.04]
[-0.02  0.02]
[4.47034837e-09 1.78813935e-08]
[-0.04        0.03999998]
[ 0.02       -0.02000002]
[ 4.47034837e-09 -1.19209289e-08]
[-0.02  0.02]
[-0.02000001  0.02      ]
[-0.04        0.04000001]
[-0.06000001  0.05999999]
[ 0.06       -0.06000001]
[-0.02  0.02]
[-0.12        0.11999999]
[ 0.02       -0.02000002]
[-0.08  0.08]
[ 0.04 -0.04]
[-0.03999999  0.04000001]
[ 0.02       -0.02000001]
[ 0.04       -0.03999997]
[-0.02000001  0.02      ]
[ 4.47034837e-09 -1.19209289e-08]
[-0.08  0.08]
[-0.06        0.05999999]
[-2.98023223e-09  1.78813935e-08]
[-0.02000001  0.02      ]
[ 0.02       -0.01999999]
[ 0.06       -0.06000001]
[-0.06        0.06000002]
[-0.06        0.05999999]
[-0.06        0.05999999]
[-0.02  0.02]
[-0.02000001  0.02      ]
[ 0.06       -0.05999998]
[-0.04        0.04000001]
[ 0.04 -0.04]
[-0.02  0.02]
[-0.02  0.02]
[-0.02  0.02]
[ 0.02       -0.02000002]
[-0.14  0.14]
[-0.02  0.02]
[-0.06        0.05999999]
[-0.04        0.04000002]
[ 0.02       -0.01999999]
[ 0.02       -0.01999999]
[ 0.04 -0.04]
[-2.98023223e-09  1.78813935e-08]
[-0.1  0.1]
[4.47034837e-09 1.78813935e-08]
[ 0.08 -0.08]
[ 0.02       -0.01999999]
[4.47034837e-09 1.78813935e-08]
[-0.06        0.06000002]
[-6.70552253e-09 -1.19209289e-08]
[-0.03999999  0.03999998]
[-0.08000001  0.08      ]
[-0.02        0.01999998]
[-0.02  0.02]
[-0.04        0.04000001]
[-0.06        0.06000002]
[ 0.04 -0.04]
[-0.08  0.08]
[ 0.06       -0.06000001]
[-0.02  0.02]
