[ 0.16585452  0.3292647  -0.59196439  0.09684517]
[ 0.00090607  0.31895542 -0.41670665  0.09684517]
[-0.22589806  0.3292647  -0.20021179  0.09684517]
[-0.12280527  0.21586264 -0.15897467  0.06591734]
[-0.12280527  0.31895542 -0.2929953   0.09684517]
[-0.07125889  0.20555336 -0.23113962  0.09684517]
[-0.00940321  0.28802759 -0.37546953  0.09684517]
[ 0.01121535  0.29833687 -0.37546953  0.06591734]
[-0.04033105  0.31895542 -0.36516025  0.08653589]
[-0.10218671  0.2364812  -0.17959323  0.04529878]
[-0.18466094  0.27771831 -0.18990251  0.09684517]
[ 0.00090607  0.2364812  -0.33423241  0.09684517]
[-0.06094961  0.30864614 -0.34454169  0.09684517]
[-0.07125889  0.26740903 -0.2929953   0.09684517]
[-0.04033105  0.28802759 -0.34454169  0.09684517]
[-0.13311455  0.2364812  -0.18990251  0.08653589]
[-0.06094961  0.19524408 -0.23113962  0.09684517]
[-0.00940321  0.31895542 -0.40639737  0.09684517]
[ 0.0318339   0.15400698 -0.28268602  0.09684517]
[-0.03002177  0.29833687 -0.36516025  0.09684517]
[-0.08156817  0.24679048 -0.25175818  0.08653589]
[ 0.07307101  0.16431625 -0.33423241  0.09684517]
[-0.04033105  0.22617192 -0.28268602  0.09684517]
[-0.00940321  0.21586264 -0.30330458  0.09684517]
[ 0.02152462  0.11276986 -0.23113962  0.09684517]
[ 0.04214317  0.16431625 -0.2929953   0.08653589]
[ 0.09368957  0.03029564 -0.22083035  0.09684517]
[ 0.04214317 -0.05217859 -0.08680975  0.09684517]
[ 0.06276173  0.06122346 -0.22083035  0.09684517]
[ 0.0318339   0.08184202 -0.21052107  0.09684517]
[ 0.11430812 -0.06248786 -0.13835611  0.08653589]
[ 0.0318339   0.21586264 -0.34454169  0.09684517]
[ 0.02152462  0.14369769 -0.26206746  0.09684517]
[ 0.04214317  0.16431625 -0.30330458  0.09684517]
[ 0.13492668 -0.06248787 -0.16928395  0.09684517]
[ 0.05245245 -0.03156003 -0.11773756  0.09684517]
[ 0.07307101  0.04060491 -0.21052107  0.09684517]
[ 0.07307101  0.07153275 -0.2414489   0.09684517]
[ 0.0318339   0.07153276 -0.20021179  0.09684517]
[ 0.0318339   0.07153276 -0.18990251  0.08653589]
[ 0.05245245  0.18493481 -0.33423241  0.09684517]
[ 0.07307101  0.12307914 -0.2929953   0.09684517]
[ 0.07307101  0.15400697 -0.32392314  0.09684517]
[ 0.06276173  0.06122347 -0.21052107  0.08653589]
[ 0.01121535  0.09215131 -0.18990251  0.08653589]
[ 0.10399885 -0.04186931 -0.10742828  0.04529878]
[ 0.02152462  0.08184203 -0.20021179  0.09684517]
[ 0.07307101  0.07153275 -0.23113962  0.08653589]
[ 0.07307101  0.22617192 -0.36516025  0.06591734]
[ 0.01121535  0.05091419 -0.14866539  0.08653589]
[ 0.0318339   0.13338842 -0.26206746  0.09684517]
[-0.00940321  0.26740903 -0.35485097  0.09684517]
[ 0.08338029  0.07153275 -0.25175818  0.09684517]
[-0.03002177  0.11276986 -0.17959323  0.09684517]
[ 0.11430812 -0.07279715 -0.11773756  0.07622662]
[ 0.10399885 -0.0418693  -0.097119    0.0349895 ]
[ 0.10399885 -0.03156004 -0.15897467  0.08653589]
[ 0.11430812  0.14369769 -0.33423241  0.07622662]
[ 0.0318339   0.09215131 -0.22083035  0.09684517]
[ 0.02152462  0.07153275 -0.18990251  0.09684517]
[ 0.10399885 -0.05217858 -0.13835611  0.08653589]
[ 0.04214317  0.00967708 -0.11773756  0.06591734]
[ 0.10399885  0.14369769 -0.31361386  0.06591734]
[ 0.08338029  0.06122347 -0.21052107  0.06591734]
[ 0.00090607  0.12307914 -0.20021179  0.07622662]
[ 0.14523596 -0.0006322  -0.21052107  0.06591734]
[ 0.09368957 -0.08310641 -0.10742828  0.09684517]
[ 0.01121535 -0.03156003 -0.0146448   0.0349895 ]
[ 0.04214317  0.09215131 -0.20021179  0.06591734]
[ 0.0318339   0.18493481 -0.31361386  0.09684517]
[ 0.07307101  0.1436977  -0.31361386  0.09684517]
[ 0.1246174  -0.03156003 -0.16928395  0.07622662]
[ 0.02152462  0.10246059 -0.18990251  0.06591734]
[ 0.06276173  0.00967708 -0.12804683  0.05560806]
[ 0.07307101  0.08184203 -0.23113962  0.07622662]
[ 0.06276173  0.03029563 -0.18990251  0.09684517]
[ 0.08338029 -0.01094148 -0.16928395  0.09684517]
[ 0.08338029  0.05091419 -0.17959323  0.04529878]
[ 0.0318339   0.07153275 -0.20021179  0.09684517]
[-0.07125889  0.22617192 -0.18990251  0.0349895 ]
[-0.05064033  0.17462553 -0.22083035  0.09684517]
[ 0.09368957  0.05091419 -0.21052107  0.06591734]
[ 0.02152462  0.19524409 -0.28268602  0.06591734]
[ 0.07307101 -0.03156003 -0.11773756  0.07622662]
[ 0.0318339   0.0921513  -0.20021179  0.07622662]
[ 0.02152462  0.05091419 -0.12804683  0.05560806]
[ 0.11430812  0.00967708 -0.21052107  0.08653589]
[ 0.06276173  0.06122347 -0.18990251  0.06591734]
[ 0.06276173 -0.01094148 -0.05588191  0.00406167]
[ 0.00090607  0.18493481 -0.25175818  0.06591734]
[ 0.10399885 -0.10372497 -0.06619119  0.06591734]
[ 0.07307101 -0.0006322  -0.10742828  0.0349895 ]
[ 0.04214317  0.13338842 -0.26206746  0.08653589]
[ 0.08338029  0.01998636 -0.17959323  0.07622662]
[ 0.07307101  0.0509142  -0.17959323  0.05560806]
[ 0.08338029  0.00967708 -0.15897467  0.06591734]
[ 0.06276173  0.01998635 -0.16928395  0.08653589]
[ 0.07307101  0.08184203 -0.17959323  0.02468023]
[ 0.10399885 -0.0418693  -0.097119    0.0349895 ]
[ 0.0318339  -0.01094148 -0.10742828  0.08653589]
[ 0.09368957  0.04060491 -0.22083034  0.08653589]
[ 0.07307101  0.07153275 -0.23113962  0.08653589]
[ 0.09368957  0.00967708 -0.16928395  0.06591734]
[ 0.01121535  0.18493481 -0.27237674  0.07622662]
[ 0.09368957  0.07153275 -0.23113962  0.06591734]
[ 0.08338029  0.10246059 -0.25175818  0.06591734]
[-0.01971249  0.12307914 -0.20021179  0.09684517]
[ 0.04214317 -0.06248787 -0.0146448   0.0349895 ]
[ 0.02152462  0.13338842 -0.23113962  0.07622662]
[ 0.0318339   0.03029563 -0.15897467  0.09684517]
[ 0.00090607  0.16431625 -0.21052107  0.04529878]
[ 0.04214317 -0.02125075 -0.09711903  0.07622662]
[ 0.0318339  -0.03156003 -0.02495407  0.02468023]
[-0.08156817  0.24679047 -0.20021179  0.0349895 ]
[ 0.07307101 -0.0006322  -0.16928395  0.09684517]
[ 0.04214317  0.06122347 -0.20021179  0.09684517]
[-0.00940321  0.05091419 -0.11773755  0.07622662]
[ 0.07307101  0.04060491 -0.20021179  0.08653589]
[ 0.09368957 -0.04186931 -0.08680975  0.0349895 ]
[ 0.07307101  0.01998635 -0.18990251  0.09684517]
[ 0.06276173  0.19524409 -0.31361386  0.05560806]
[ 0.08338029  0.04060491 -0.20021179  0.07622662]
[ 0.13492668 -0.07279715 -0.15897467  0.09684517]
[ 0.0318339   0.17462553 -0.27237674  0.06591734]
[ 0.00090607  0.01998636 -0.08680975  0.06591734]
[ 0.0318339  -0.01094148 -0.08680975  0.06591734]
[ 0.07307101 -0.01094147 -0.13835611  0.07622662]
[ 0.08338029  0.07153275 -0.21052107  0.05560806]
[-0.01971249  0.12307914 -0.18990251  0.08653589]
[ 0.10399885 -0.03156003 -0.15897467  0.08653589]
[ 0.06276173 -0.02125075 -0.13835611  0.09684517]
[ 0.04214317  0.07153275 -0.21052107  0.09684517]
[ 0.00090607  0.19524408 -0.27237674  0.07622662]
[ 0.07307101  0.17462553 -0.34454169  0.09684517]
[ 0.06276173  0.00967708 -0.11773756  0.04529878]
[ 0.07307101 -0.03156003 -0.13835611  0.09684517]
[ 0.0318339   0.0921513  -0.18990251  0.06591734]
[ 0.1246174   0.01998635 -0.21052107  0.06591734]
[-0.03002177  0.2364812  -0.30330458  0.09684517]
[ 0.01121535  0.12307914 -0.15897467  0.02468023]
[ 0.01121535  0.13338842 -0.23113962  0.08653589]
[ 0.11430812 -0.07279715 -0.12804683  0.08653589]
[ 0.02152462  0.21586264 -0.32392314  0.08653589]
[ 0.10399885  0.10246059 -0.25175818  0.04529878]
[ 0.10399885 -0.05217859 -0.10742828  0.05560806]
[-0.00940321  0.07153275 -0.14866539  0.08653589]
[ 0.0318339   0.21586264 -0.34454169  0.09684517]
[ 0.1246174  -0.05217858 -0.13835611  0.06591734]
[ 0.07307101  0.07153275 -0.23113962  0.08653589]
[ 0.06276173  0.05091419 -0.14866539  0.0349895 ]
[ 0.1246174  -0.0006322  -0.16928395  0.04529878]
[ 0.06276173  0.01998635 -0.15897467  0.07622662]
[ 0.10399885  0.05091419 -0.18990251  0.0349895 ]
[ 0.07307101  0.00967709 -0.13835611  0.05560806]
[ 0.13492668 -0.01094147 -0.18990251  0.06591734]
[-0.01971249  0.17462553 -0.23113962  0.07622662]
[ 0.10399885  0.0921513  -0.27237674  0.07622662]
[ 0.1246174  -0.05217859 -0.13835611  0.06591734]
[ 0.07307101  0.00967708 -0.12804683  0.04529878]
[ 0.11430812  0.01998635 -0.22083034  0.08653589]
[-0.00940321  0.11276986 -0.17959323  0.07622662]
[-0.04033105  0.1436977  -0.18990251  0.08653589]
[ 0.05245245 -0.07279714 -0.05588191  0.07622662]
[-0.04033105  0.05091419 -0.097119    0.08653589]
[ 0.01121535 -0.01094148 -0.09711903  0.09684517]
[-0.03002177  0.16431625 -0.22083035  0.08653589]
[ 0.04214317  0.04060491 -0.14866539  0.06591734]
[ 0.01121535  0.16431625 -0.21052107  0.0349895 ]
[-0.05064033  0.21586264 -0.25175818  0.08653589]
[ 0.06276173  0.08184203 -0.23113962  0.08653589]
[ 0.07307101  0.05091419 -0.16928395  0.04529878]
[ 0.05245245 -0.03156004 -0.11773755  0.09684517]
[ 0.02152462  0.10246059 -0.20021179  0.07622662]
[ 0.11430812 -0.04186931 -0.13835611  0.06591734]
[ 0.10399885  0.01998635 -0.15897467  0.0349895 ]
[-0.06094961  0.1436977  -0.16928395  0.08653589]
[ 0.1246174   0.06122347 -0.22083035  0.0349895 ]
[-0.03002177  0.29833687 -0.35485097  0.08653589]
[ 0.09368957  0.10246058 -0.20021179  0.00406167]
[ 0.06276173  0.04060491 -0.14866539  0.04529878]
[ 0.04214317  0.06122347 -0.12804683  0.02468023]
[ 0.01121535  0.16431625 -0.25175818  0.07622662]
[ 0.11430812 -0.08310641 -0.097119    0.06591734]
[-0.06094961  0.10246058 -0.07650047  0.0349895 ]
[ 0.06276173  0.15400697 -0.31361386  0.09684517]
[-0.00940321  0.12307914 -0.18990251  0.07622662]
[ 0.00090607  0.0921513  -0.15897467  0.06591734]
[ 0.00090607  0.16431625 -0.16928395  0.00406167]
[ 0.07307101 -0.04186932 -0.08680975  0.05560806]
[-0.03002177  0.14369769 -0.20021179  0.08653589]
[ 0.06276173  0.10246058 -0.2414489   0.07622662]
[-0.06094961  0.06122347 -0.08680975  0.08653589]
[-0.00940321  0.13338842 -0.21052107  0.08653589]
[ 0.09368957 -0.02125075 -0.12804683  0.05560806]
[ 0.11430812  0.0921513  -0.25175818  0.04529878]
[ 0.02152462  0.0509142  -0.13835611  0.06591734]
[ 0.06276173  0.07153275 -0.21052107  0.07622662]
[ 0.09368957  0.07153275 -0.23113962  0.06591734]
[ 0.07307101  0.04060492 -0.21052107  0.09684517]
[ 0.06276173 -0.01094148 -0.12804683  0.07622662]
[ 0.0318339   0.08184202 -0.21052107  0.09684517]
[ 0.05245245  0.15400697 -0.28268602  0.07622662]
[ 0.0318339   0.06122347 -0.17959323  0.08653589]
[ 0.08338029  0.07153275 -0.18990251  0.0349895 ]
[ 0.07307101  0.20555336 -0.33423241  0.05560806]
[ 0.02152462  0.06122347 -0.13835611  0.05560806]
[ 0.10399885  0.0921513  -0.2414489   0.04529878]
[ 0.11430812  0.15400697 -0.32392314  0.05560806]
[ 0.09368957  0.01998635 -0.20021179  0.08653589]
[ 0.04214317  0.00967708 -0.097119    0.04529878]
[ 0.04214317  0.11276986 -0.23113962  0.07622662]
[ 0.06276173  0.08184203 -0.18990251  0.04529878]
[ 0.05245245  0.07153275 -0.21052107  0.08653589]
[ 0.06276173 -0.01094148 -0.10742828  0.05560806]
[ 0.10399885  0.03029563 -0.21052107  0.07622662]
[ 0.07307101  0.06122347 -0.20021179  0.06591734]
[ 0.13492668  0.11276986 -0.2929953   0.04529878]
[ 0.05245245  0.15400697 -0.26206746  0.05560806]
[ 0.02152462  0.17462553 -0.28268602  0.08653589]
[ 0.00090607  0.08184203 -0.11773756  0.0349895 ]
[ 0.07307101  0.05091419 -0.13835611  0.01437095]
[ 0.11430812 -0.02125075 -0.15897467  0.06591734]
[ 0.09368957  0.05091419 -0.18990251  0.04529878]
[ 0.11430812  0.01998635 -0.23113962  0.09684517]
[ 0.10399885  0.09215131 -0.27237674  0.07622662]
[ 0.10399885  0.08184203 -0.28268602  0.09684517]
[ 0.01121535  0.13338842 -0.20021179  0.05560806]
[ 0.1246174   0.03029563 -0.18990251  0.0349895 ]
[ 0.07307101 -0.03156003 -0.10742828  0.06591734]
[ 0.11430812  0.01998635 -0.18990251  0.05560806]
[ 0.02152462  0.04060491 -0.14866539  0.08653589]
[ 0.0318339   0.00967708 -0.13835611  0.09684517]
[ 0.01121535  0.09215131 -0.14866539  0.04529878]
[ 0.08338029  0.0921513  -0.25175818  0.07622662]
[ 0.04214317  0.08184203 -0.17959323  0.05560806]
[-0.01971249  0.07153275 -0.14866539  0.09684517]
[ 0.01121535  0.10246058 -0.18990251  0.07622662]
[ 0.0318339   0.13338842 -0.23113962  0.06591734]
[ 0.07307101  0.06122347 -0.20021179  0.06591734]
[ 0.04214317  0.04060491 -0.12804683  0.04529878]
[ 0.07307101 -0.01094147 -0.10742828  0.04529878]
[ 0.15554524  0.04060492 -0.2929953   0.09684517]
[ 0.09368957 -0.14496209 -0.03526335  0.08653589]
[ 0.05245245  0.08184203 -0.23113962  0.09684517]
[ 0.10399885  0.14369769 -0.32392314  0.07622662]
[ 0.07307101  0.03029563 -0.17959323  0.07622662]
[ 0.1246174  -0.04186932 -0.15897467  0.07622662]
[ 0.0318339   0.07153275 -0.16928395  0.06591734]
[ 0.07307101  0.05091419 -0.18990251  0.06591734]
[ 0.09368957  0.10246059 -0.2414489   0.04529878]
[ 0.06276173  0.04060491 -0.14866539  0.04529878]
[ 0.10399885  0.05091419 -0.22083035  0.06591734]
[ 0.06276173  0.06122347 -0.22083035  0.09684517]
[ 0.00090607  0.12307914 -0.21052107  0.08653589]
[ 0.0318339  -0.02125075 -0.08680975  0.07622662]
[ 0.06276173  0.12307914 -0.26206746  0.07622662]
[ 0.04214317  0.07153275 -0.21052107  0.09684517]
[ 0.1246174  -0.02125075 -0.20021179  0.09684517]
[ 0.10399885  0.00967708 -0.17959323  0.06591734]
[ 0.06276173 -0.01094148 -0.097119    0.04529878]
[ 0.09368957  0.05091419 -0.18990251  0.04529878]
[ 0.04214317  0.01998636 -0.12804683  0.06591734]
[ 0.07307101  0.0921513  -0.2414489   0.07622662]
[ 0.05245245  0.10246059 -0.23113962  0.07622662]
[ 0.08338029  0.06122346 -0.20021179  0.05560806]
[ 0.01121535  0.07153275 -0.16928395  0.08653589]
[ 0.02152462  0.06122347 -0.15897467  0.07622662]
[ 0.06276173  0.01998636 -0.12804683  0.04529878]
[ 0.09368957 -0.01094148 -0.15897467  0.07622662]
[ 0.05245245  0.04060492 -0.13835611  0.04529878]
[ 0.0318339   0.12307914 -0.21052107  0.05560806]
[ 0.00090607  0.15400697 -0.25175818  0.09684517]
[ 0.0318339   0.08184203 -0.18990251  0.07622662]
[ 0.1246174   0.06122347 -0.27237674  0.08653589]
[ 0.07307101  0.11276986 -0.2414489   0.05560806]
[ 0.05245245  0.04060491 -0.15897467  0.06591734]
[ 0.11430812  0.00967708 -0.21052107  0.08653589]
[ 0.07307101  0.03029564 -0.12804683  0.02468023]
[ 0.04214317 -0.00063219 -0.08680975  0.04529878]
[ 0.05245245  0.09215131 -0.17959323  0.0349895 ]
[ 0.09368957  0.03029563 -0.12804683  0.00406167]
[ 0.05245245  0.08184202 -0.16928395  0.0349895 ]
[ 0.02152462  0.15400697 -0.25175818  0.07622662]
[ 0.04214317  0.04060492 -0.16928395  0.08653589]
[ 0.0318339   0.06122347 -0.15897467  0.06591734]
[ 0.05245245  0.10246059 -0.21052107  0.05560806]
[ 0.05245245  0.15400697 -0.2929953   0.08653589]
[ 0.07307101  0.13338842 -0.2929953   0.08653589]
[ 0.06276173  0.06122347 -0.17959323  0.05560806]
[ 0.09368957  0.00967708 -0.18990251  0.08653589]
[ 0.10399885 -0.05217859 -0.12804683  0.07622662]
[-0.01971249  0.18493481 -0.23113962  0.06591734]
[ 0.07307101  0.11276986 -0.26206746  0.07622662]
[ 0.13492668  0.09215131 -0.27237674  0.04529878]
[ 0.0318339   0.06122347 -0.15897467  0.06591734]
[ 0.05245245  0.07153275 -0.22083035  0.09684517]
[ 0.10399885  0.00967708 -0.17959323  0.06591734]
[ 0.15554524  0.03029564 -0.26206746  0.07622662]
[ 0.05245245  0.04060491 -0.097119    0.00406167]
[ 0.07307101  0.07153275 -0.18990251  0.04529878]
[ 0.08338029  0.08184203 -0.25175818  0.08653589]
[ 0.1246174   0.00967708 -0.21052107  0.07622662]
[ 0.07307101  0.17462553 -0.33423241  0.08653589]
[ 0.08338029 -0.04186931 -0.11773756  0.07622662]
[ 0.09368957  0.11276986 -0.25175818  0.04529878]
[ 0.05245245  0.06122347 -0.14866539  0.0349895 ]
[ 0.04214317  0.03029563 -0.10742828  0.0349895 ]
[ 0.06276173  0.00967708 -0.10742828  0.0349895 ]
[ 0.08338029  0.05091419 -0.22083034  0.08653589]
[ 0.02152462  0.1436977  -0.16928395  0.00406167]
[ 0.08338029  0.03029563 -0.17959323  0.06591734]
[ 0.09368957 -0.04186932 -0.14866539  0.09684517]
[ 0.15554524 -0.12434353 -0.097119    0.06591734]
[ 0.07307101  0.12307914 -0.22083035  0.02468023]
[ 0.09368957 -0.0006322  -0.13835611  0.04529878]
[ 0.06276173  0.17462553 -0.31361386  0.07622662]
[ 0.06276173  0.08184203 -0.20021179  0.05560806]
[ 0.08338029  0.10246058 -0.2414489   0.05560806]
[ 0.09368957  0.00967708 -0.18990251  0.08653589]
[ 0.05245245 -0.0006322  -0.13835611  0.08653589]
[ 0.1246174   0.16431625 -0.35485097  0.06591734]
[ 0.09368957  0.01998635 -0.16928395  0.05560806]
[ 0.07307101  0.04060491 -0.20021179  0.08653589]
[ 0.11430812  0.07153275 -0.25175818  0.06591734]
[ 0.11430812  0.11276986 -0.30330458  0.07622662]
[ 0.09368957 -0.01094148 -0.17959323  0.09684517]
[ 0.11430812 -0.08310641 -0.12804683  0.09684517]
[ 0.08338029  0.16431625 -0.33423241  0.08653589]
[ 0.04214317  0.09215131 -0.21052107  0.07622662]
[ 0.11430812 -0.07279713 -0.12804683  0.08653589]
[ 0.04214317  0.12307914 -0.26206746  0.09684517]
[ 0.08338029  0.11276986 -0.28268602  0.08653589]
[ 0.10399885  0.06122347 -0.2414489   0.07622662]
[ 0.07307101  0.05091419 -0.21052107  0.08653589]
[ 0.09368957  0.05091419 -0.22083035  0.07622662]
[ 0.04214317  0.10246058 -0.22083035  0.07622662]
[ 0.10399885 -0.11403425 -0.06619119  0.07622662]
[ 0.13492668  0.06122347 -0.2929953   0.09684517]
[ 0.05245245  0.13338842 -0.27237674  0.08653589]
