[0. 0. 1. 0.]
[0.16494845 0.01030928 0.82474226 0.        ]
[0.39175257 0.         0.6082474  0.        ]
[0.28865978 0.11340206 0.56701028 0.03092784]
[0.28865978 0.01030928 0.70103091 0.        ]
[0.2371134  0.12371134 0.63917524 0.        ]
[0.17525773 0.04123711 0.78350514 0.        ]
[0.15463917 0.03092784 0.78350514 0.03092784]
[0.20618556 0.01030928 0.77319586 0.01030928]
[0.26804122 0.0927835  0.58762884 0.05154639]
[0.35051546 0.05154639 0.59793812 0.        ]
[0.16494845 0.0927835  0.74226803 0.        ]
[0.22680412 0.02061856 0.7525773  0.        ]
[0.2371134  0.06185567 0.70103091 0.        ]
[0.20618556 0.04123711 0.7525773  0.        ]
[0.29896906 0.0927835  0.59793812 0.01030928]
[0.22680412 0.13402062 0.63917524 0.        ]
[0.17525773 0.01030928 0.81443298 0.        ]
[0.13402061 0.17525773 0.69072163 0.        ]
[0.19587629 0.03092784 0.77319586 0.        ]
[0.24742268 0.08247422 0.65979379 0.01030928]
[0.0927835  0.16494845 0.74226803 0.        ]
[0.20618556 0.10309278 0.69072163 0.        ]
[0.17525773 0.11340206 0.71134019 0.        ]
[0.14432989 0.21649484 0.63917524 0.        ]
[0.12371134 0.16494845 0.70103091 0.01030928]
[0.07216495 0.29896906 0.62886596 0.        ]
[0.12371134 0.38144329 0.49484536 0.        ]
[0.10309278 0.26804124 0.62886596 0.        ]
[0.13402061 0.24742268 0.61855668 0.        ]
[0.05154639 0.39175256 0.54639173 0.01030928]
[0.13402061 0.11340206 0.7525773  0.        ]
[0.14432989 0.18556701 0.67010307 0.        ]
[0.12371134 0.16494845 0.71134019 0.        ]
[0.03092784 0.39175257 0.57731956 0.        ]
[0.11340206 0.36082473 0.52577317 0.        ]
[0.0927835  0.28865979 0.61855668 0.        ]
[0.0927835  0.25773195 0.64948452 0.        ]
[0.13402061 0.25773194 0.6082474  0.        ]
[0.13402061 0.25773194 0.59793812 0.01030928]
[0.11340206 0.14432989 0.74226803 0.        ]
[0.0927835  0.20618556 0.70103091 0.        ]
[0.0927835  0.17525773 0.73195875 0.        ]
[0.10309278 0.26804123 0.61855668 0.01030928]
[0.15463917 0.23711339 0.59793812 0.01030928]
[0.06185567 0.37113401 0.51546389 0.05154639]
[0.14432989 0.24742267 0.6082474  0.        ]
[0.0927835  0.25773195 0.63917524 0.01030928]
[0.0927835  0.10309278 0.77319586 0.03092784]
[0.15463917 0.27835051 0.556701   0.01030928]
[0.13402061 0.19587628 0.67010307 0.        ]
[0.17525773 0.06185567 0.76288658 0.        ]
[0.08247422 0.25773196 0.65979379 0.        ]
[0.19587629 0.21649484 0.58762884 0.        ]
[0.05154639 0.40206185 0.52577317 0.02061856]
[0.06185567 0.37113401 0.50515461 0.06185567]
[0.06185567 0.36082474 0.56701028 0.01030928]
[0.05154639 0.18556701 0.74226803 0.02061856]
[0.13402061 0.23711339 0.62886596 0.        ]
[0.14432989 0.25773195 0.59793812 0.        ]
[0.06185567 0.38144328 0.54639173 0.01030928]
[0.12371134 0.31958762 0.52577317 0.03092784]
[0.06185567 0.18556701 0.72164947 0.03092784]
[0.08247422 0.26804123 0.61855668 0.03092784]
[0.16494845 0.20618556 0.6082474  0.02061856]
[0.02061856 0.3298969  0.61855668 0.03092784]
[0.07216495 0.41237111 0.51546389 0.        ]
[0.15463917 0.36082473 0.42268041 0.06185567]
[0.12371134 0.23711339 0.6082474  0.03092784]
[0.13402061 0.14432989 0.72164947 0.        ]
[0.0927835  0.185567   0.72164947 0.        ]
[0.04123711 0.36082473 0.57731956 0.02061856]
[0.14432989 0.22680411 0.59793812 0.03092784]
[0.10309278 0.31958762 0.53608245 0.04123711]
[0.0927835  0.24742267 0.63917524 0.02061856]
[0.10309278 0.29896907 0.59793812 0.        ]
[0.08247422 0.34020618 0.57731956 0.        ]
[0.08247422 0.27835051 0.58762884 0.05154639]
[0.13402061 0.25773195 0.6082474  0.        ]
[0.2371134  0.10309278 0.59793812 0.06185567]
[0.21649484 0.15463917 0.62886596 0.        ]
[0.07216495 0.27835051 0.61855668 0.03092784]
[0.14432989 0.13402062 0.69072163 0.03092784]
[0.0927835  0.36082473 0.52577317 0.02061856]
[0.13402061 0.2371134  0.6082474  0.02061856]
[0.14432989 0.27835051 0.53608245 0.04123711]
[0.05154639 0.31958763 0.61855668 0.01030928]
[0.10309278 0.26804123 0.59793812 0.03092784]
[0.10309278 0.34020618 0.46391752 0.0927835 ]
[0.16494845 0.14432989 0.65979379 0.03092784]
[0.06185567 0.43298967 0.4742268  0.03092784]
[0.0927835  0.3298969  0.51546389 0.06185567]
[0.12371134 0.19587629 0.67010307 0.01030928]
[0.08247422 0.30927834 0.58762884 0.02061856]
[0.0927835  0.2783505  0.58762884 0.04123711]
[0.08247422 0.31958763 0.56701028 0.03092784]
[0.10309278 0.30927835 0.57731956 0.01030928]
[0.0927835  0.24742267 0.58762884 0.07216495]
[0.06185567 0.37113401 0.50515461 0.06185567]
[0.13402061 0.34020618 0.51546389 0.01030928]
[0.07216495 0.28865979 0.62886596 0.01030928]
[0.0927835  0.25773195 0.63917524 0.01030928]
[0.07216495 0.31958762 0.57731956 0.03092784]
[0.15463917 0.14432989 0.68041235 0.02061856]
[0.07216495 0.25773195 0.63917524 0.03092784]
[0.08247422 0.22680411 0.65979379 0.03092784]
[0.18556701 0.20618556 0.6082474  0.        ]
[0.12371134 0.39175257 0.42268041 0.06185567]
[0.14432989 0.19587629 0.63917524 0.02061856]
[0.13402061 0.29896907 0.56701028 0.        ]
[0.16494845 0.16494845 0.61855668 0.05154639]
[0.12371134 0.35051546 0.50515464 0.02061856]
[0.13402061 0.36082473 0.43298969 0.07216495]
[0.24742268 0.08247423 0.6082474  0.06185567]
[0.0927835  0.3298969  0.57731956 0.        ]
[0.12371134 0.26804123 0.6082474  0.        ]
[0.17525773 0.27835051 0.52577317 0.02061856]
[0.0927835  0.28865979 0.6082474  0.01030928]
[0.07216495 0.37113401 0.49484536 0.06185567]
[0.0927835  0.30927835 0.59793812 0.        ]
[0.10309278 0.13402062 0.72164947 0.04123711]
[0.08247422 0.28865979 0.6082474  0.02061856]
[0.03092784 0.40206185 0.56701028 0.        ]
[0.13402061 0.15463918 0.68041235 0.03092784]
[0.16494845 0.30927834 0.49484536 0.03092784]
[0.13402061 0.34020618 0.49484536 0.03092784]
[0.0927835  0.34020617 0.54639173 0.02061856]
[0.08247422 0.25773195 0.61855668 0.04123711]
[0.18556701 0.20618556 0.59793812 0.01030928]
[0.06185567 0.36082473 0.56701028 0.01030928]
[0.10309278 0.35051545 0.54639173 0.        ]
[0.12371134 0.25773195 0.61855668 0.        ]
[0.16494845 0.13402062 0.68041235 0.02061856]
[0.0927835  0.15463917 0.7525773  0.        ]
[0.10309278 0.31958763 0.52577317 0.05154639]
[0.0927835  0.36082473 0.54639173 0.        ]
[0.13402061 0.2371134  0.59793812 0.03092784]
[0.04123711 0.30927835 0.61855668 0.03092784]
[0.19587629 0.09278351 0.71134019 0.        ]
[0.15463917 0.20618556 0.56701028 0.07216495]
[0.15463917 0.19587629 0.63917524 0.01030928]
[0.05154639 0.40206185 0.53608245 0.01030928]
[0.14432989 0.11340206 0.73195875 0.01030928]
[0.06185567 0.22680411 0.65979379 0.05154639]
[0.06185567 0.38144329 0.51546389 0.04123711]
[0.17525773 0.25773195 0.556701   0.01030928]
[0.13402061 0.11340206 0.7525773  0.        ]
[0.04123711 0.38144328 0.54639173 0.03092784]
[0.0927835  0.25773195 0.63917524 0.01030928]
[0.10309278 0.27835051 0.556701   0.06185567]
[0.04123711 0.3298969  0.57731956 0.05154639]
[0.10309278 0.30927835 0.56701028 0.02061856]
[0.06185567 0.27835051 0.59793812 0.06185567]
[0.0927835  0.31958761 0.54639173 0.04123711]
[0.03092784 0.34020617 0.59793812 0.03092784]
[0.18556701 0.15463917 0.63917524 0.02061856]
[0.06185567 0.2371134  0.68041235 0.02061856]
[0.04123711 0.38144329 0.54639173 0.03092784]
[0.0927835  0.31958763 0.53608245 0.05154639]
[0.05154639 0.30927835 0.62886596 0.01030928]
[0.17525773 0.21649484 0.58762884 0.02061856]
[0.20618556 0.185567   0.59793812 0.01030928]
[0.11340206 0.40206184 0.46391752 0.02061856]
[0.20618556 0.27835051 0.50515461 0.01030928]
[0.15463917 0.34020618 0.50515464 0.        ]
[0.19587629 0.16494845 0.62886596 0.01030928]
[0.12371134 0.28865979 0.556701   0.03092784]
[0.15463917 0.16494845 0.61855668 0.06185567]
[0.21649484 0.11340206 0.65979379 0.01030928]
[0.10309278 0.24742267 0.63917524 0.01030928]
[0.0927835  0.27835051 0.57731956 0.05154639]
[0.11340206 0.36082474 0.52577317 0.        ]
[0.14432989 0.22680411 0.6082474  0.02061856]
[0.05154639 0.37113401 0.54639173 0.03092784]
[0.06185567 0.30927835 0.56701028 0.06185567]
[0.22680412 0.18556701 0.57731956 0.01030928]
[0.04123711 0.26804123 0.62886596 0.06185567]
[0.19587629 0.03092783 0.76288658 0.01030928]
[0.07216495 0.22680412 0.6082474  0.0927835 ]
[0.10309278 0.28865979 0.556701   0.05154639]
[0.12371134 0.26804123 0.53608245 0.07216495]
[0.15463917 0.16494845 0.65979379 0.02061856]
[0.05154639 0.41237111 0.50515461 0.03092784]
[0.22680412 0.22680412 0.48453608 0.06185567]
[0.10309278 0.17525773 0.72164947 0.        ]
[0.17525773 0.20618556 0.59793812 0.02061856]
[0.16494845 0.2371134  0.56701028 0.03092784]
[0.16494845 0.16494845 0.57731956 0.0927835 ]
[0.0927835  0.37113402 0.49484536 0.04123711]
[0.19587629 0.18556701 0.6082474  0.01030928]
[0.10309278 0.22680412 0.64948452 0.02061856]
[0.22680412 0.26804123 0.49484536 0.01030928]
[0.17525773 0.19587629 0.61855668 0.01030928]
[0.07216495 0.35051546 0.53608245 0.04123711]
[0.05154639 0.2371134  0.65979379 0.05154639]
[0.14432989 0.2783505  0.54639173 0.03092784]
[0.10309278 0.25773195 0.61855668 0.02061856]
[0.07216495 0.25773195 0.63917524 0.03092784]
[0.0927835  0.28865978 0.61855668 0.        ]
[0.10309278 0.34020618 0.53608245 0.02061856]
[0.13402061 0.24742268 0.61855668 0.        ]
[0.11340206 0.17525773 0.69072163 0.02061856]
[0.13402061 0.26804123 0.58762884 0.01030928]
[0.08247422 0.25773195 0.59793812 0.06185567]
[0.0927835  0.12371134 0.74226803 0.04123711]
[0.14432989 0.26804123 0.54639173 0.04123711]
[0.06185567 0.2371134  0.64948452 0.05154639]
[0.05154639 0.17525773 0.73195875 0.04123711]
[0.07216495 0.30927835 0.6082474  0.01030928]
[0.12371134 0.31958763 0.50515461 0.05154639]
[0.12371134 0.21649484 0.63917524 0.02061856]
[0.10309278 0.24742267 0.59793812 0.05154639]
[0.11340206 0.25773195 0.61855668 0.01030928]
[0.10309278 0.34020618 0.51546389 0.04123711]
[0.06185567 0.29896907 0.61855668 0.02061856]
[0.0927835  0.26804123 0.6082474  0.03092784]
[0.03092784 0.21649484 0.70103091 0.05154639]
[0.11340206 0.17525773 0.67010307 0.04123711]
[0.14432989 0.15463917 0.69072163 0.01030928]
[0.16494845 0.24742267 0.52577317 0.06185567]
[0.0927835  0.27835051 0.54639173 0.08247422]
[0.05154639 0.35051546 0.56701028 0.03092784]
[0.07216495 0.27835051 0.59793812 0.05154639]
[0.05154639 0.30927835 0.63917524 0.        ]
[0.06185567 0.23711339 0.68041235 0.02061856]
[0.06185567 0.24742267 0.69072163 0.        ]
[0.15463917 0.19587628 0.6082474  0.04123711]
[0.04123711 0.29896907 0.59793812 0.06185567]
[0.0927835  0.36082473 0.51546389 0.03092784]
[0.05154639 0.30927835 0.59793812 0.04123711]
[0.14432989 0.28865979 0.556701   0.01030928]
[0.13402061 0.31958763 0.54639173 0.        ]
[0.15463917 0.23711339 0.556701   0.05154639]
[0.08247422 0.2371134  0.65979379 0.02061856]
[0.12371134 0.24742267 0.58762884 0.04123711]
[0.18556701 0.25773195 0.556701   0.        ]
[0.15463917 0.22680412 0.59793812 0.02061856]
[0.13402061 0.19587628 0.63917524 0.03092784]
[0.0927835  0.26804123 0.6082474  0.03092784]
[0.12371134 0.28865979 0.53608245 0.05154639]
[0.0927835  0.34020617 0.51546389 0.05154639]
[0.01030928 0.28865978 0.70103091 0.        ]
[0.07216495 0.47422679 0.44329897 0.01030928]
[0.11340206 0.24742267 0.63917524 0.        ]
[0.06185567 0.18556701 0.73195875 0.02061856]
[0.0927835  0.29896907 0.58762884 0.02061856]
[0.04123711 0.37113402 0.56701028 0.02061856]
[0.13402061 0.25773196 0.57731956 0.03092784]
[0.0927835  0.27835051 0.59793812 0.03092784]
[0.07216495 0.22680411 0.64948452 0.05154639]
[0.10309278 0.28865979 0.556701   0.05154639]
[0.06185567 0.27835051 0.62886596 0.03092784]
[0.10309278 0.26804123 0.62886596 0.        ]
[0.16494845 0.20618556 0.61855668 0.01030928]
[0.13402061 0.35051546 0.49484536 0.02061856]
[0.10309278 0.20618556 0.67010307 0.02061856]
[0.12371134 0.25773195 0.61855668 0.        ]
[0.04123711 0.35051545 0.6082474  0.        ]
[0.06185567 0.31958763 0.58762884 0.03092784]
[0.10309278 0.34020618 0.50515461 0.05154639]
[0.07216495 0.27835051 0.59793812 0.05154639]
[0.12371134 0.30927834 0.53608245 0.03092784]
[0.0927835  0.2371134  0.64948452 0.02061856]
[0.11340206 0.22680411 0.63917524 0.02061856]
[0.08247422 0.26804124 0.6082474  0.04123711]
[0.15463917 0.25773195 0.57731956 0.01030928]
[0.14432989 0.26804123 0.56701028 0.02061856]
[0.10309278 0.30927834 0.53608245 0.05154639]
[0.07216495 0.34020618 0.56701028 0.02061856]
[0.11340206 0.28865978 0.54639173 0.05154639]
[0.13402061 0.20618556 0.61855668 0.04123711]
[0.16494845 0.17525773 0.65979379 0.        ]
[0.13402061 0.24742267 0.59793812 0.02061856]
[0.04123711 0.26804123 0.68041235 0.01030928]
[0.0927835  0.21649484 0.64948452 0.04123711]
[0.11340206 0.28865979 0.56701028 0.03092784]
[0.05154639 0.31958763 0.61855668 0.01030928]
[0.0927835  0.29896906 0.53608245 0.07216495]
[0.12371134 0.32989689 0.49484536 0.05154639]
[0.11340206 0.23711339 0.58762884 0.06185567]
[0.07216495 0.29896907 0.53608245 0.0927835 ]
[0.11340206 0.24742268 0.57731956 0.06185567]
[0.14432989 0.17525773 0.65979379 0.02061856]
[0.12371134 0.28865978 0.57731956 0.01030928]
[0.13402061 0.26804123 0.56701028 0.03092784]
[0.11340206 0.22680411 0.61855668 0.04123711]
[0.11340206 0.17525773 0.70103091 0.01030928]
[0.0927835  0.19587628 0.70103091 0.01030928]
[0.10309278 0.26804123 0.58762884 0.04123711]
[0.07216495 0.31958763 0.59793812 0.01030928]
[0.06185567 0.38144329 0.53608245 0.02061856]
[0.18556701 0.14432989 0.63917524 0.03092784]
[0.0927835  0.21649484 0.67010307 0.02061856]
[0.03092784 0.23711339 0.68041235 0.05154639]
[0.13402061 0.26804123 0.56701028 0.03092784]
[0.11340206 0.25773196 0.62886596 0.        ]
[0.06185567 0.31958763 0.58762884 0.03092784]
[0.01030928 0.29896906 0.67010307 0.02061856]
[0.11340206 0.28865979 0.50515461 0.0927835 ]
[0.0927835  0.25773195 0.59793812 0.05154639]
[0.08247422 0.24742267 0.65979379 0.01030928]
[0.04123711 0.31958762 0.61855668 0.02061856]
[0.0927835  0.15463917 0.74226803 0.01030928]
[0.08247422 0.37113401 0.52577317 0.02061856]
[0.07216495 0.21649484 0.65979379 0.05154639]
[0.11340206 0.26804123 0.556701   0.06185567]
[0.12371134 0.29896907 0.51546389 0.06185567]
[0.10309278 0.31958762 0.51546389 0.06185567]
[0.08247422 0.27835051 0.62886596 0.01030928]
[0.14432989 0.185567   0.57731956 0.0927835 ]
[0.08247422 0.29896907 0.58762884 0.03092784]
[0.07216495 0.37113402 0.556701   0.        ]
[0.01030928 0.45360823 0.50515461 0.03092784]
[0.0927835  0.20618556 0.62886596 0.07216495]
[0.07216495 0.3298969  0.54639172 0.05154639]
[0.10309278 0.15463917 0.72164947 0.02061856]
[0.10309278 0.24742267 0.6082474  0.04123711]
[0.08247422 0.22680412 0.64948452 0.04123711]
[0.07216495 0.31958763 0.59793812 0.01030928]
[0.11340206 0.3298969  0.54639173 0.01030928]
[0.04123711 0.16494845 0.76288658 0.03092784]
[0.07216495 0.30927835 0.57731956 0.04123711]
[0.0927835  0.28865979 0.6082474  0.01030928]
[0.05154639 0.25773195 0.65979379 0.03092784]
[0.05154639 0.21649484 0.71134019 0.02061856]
[0.07216495 0.34020618 0.58762884 0.        ]
[0.05154639 0.41237111 0.53608245 0.        ]
[0.08247422 0.16494845 0.74226803 0.01030928]
[0.12371134 0.23711339 0.61855668 0.02061856]
[0.05154639 0.40206183 0.53608245 0.01030928]
[0.12371134 0.20618556 0.67010307 0.        ]
[0.08247422 0.21649484 0.69072163 0.01030928]
[0.06185567 0.26804123 0.64948452 0.02061856]
[0.0927835  0.27835051 0.61855668 0.01030928]
[0.07216495 0.27835051 0.62886596 0.02061856]
[0.12371134 0.22680412 0.62886596 0.02061856]
[0.06185567 0.44329895 0.4742268  0.02061856]
[0.03092784 0.26804123 0.70103091 0.        ]
[0.11340206 0.19587628 0.68041235 0.01030928]
tensor([0.2650, 0.2350, 0.3800, 0.1200])
tensor([0.2650, 0.2350, 0.3800, 0.1200])
tensor([0.2650, 0.2350, 0.3800, 0.1200])
tensor([0.1700, 0.3300, 0.3450, 0.1550])
tensor([0.1700, 0.3300, 0.3450, 0.1550])
tensor([0.1950, 0.3050, 0.3900, 0.1100])
tensor([0.1950, 0.3050, 0.3900, 0.1100])
tensor([0.1950, 0.3050, 0.3900, 0.1100])
tensor([0.1950, 0.3050, 0.3900, 0.1100])
tensor([0.1950, 0.3050, 0.3900, 0.1100])
tensor([0.1950, 0.3050, 0.3900, 0.1100])
tensor([0.1950, 0.3050, 0.3900, 0.1100])
tensor([0.1950, 0.3050, 0.3900, 0.1100])
tensor([0.1950, 0.3050, 0.3900, 0.1100])
tensor([0.1950, 0.3050, 0.3900, 0.1100])
tensor([0.1950, 0.3050, 0.3900, 0.1100])
tensor([0.1950, 0.3050, 0.3900, 0.1100])
tensor([0.1950, 0.3050, 0.3900, 0.1100])
tensor([0.1950, 0.3050, 0.3900, 0.1100])
