[-0.80000003  0.8       ]
[-0.61999999  0.62      ]
[-0.33999999  0.34000001]
[ 0.06       -0.06000001]
[-0.03999999  0.04000001]
[ 0.1        -0.09999998]
[-0.02  0.02]
[ 0.12 -0.12]
[ 0.12       -0.12000002]
[ 0.06       -0.05999998]
[-0.06        0.05999999]
[-0.06        0.05999999]
[-0.06        0.05999999]
[-0.06000001  0.05999999]
[-0.04        0.04000001]
[-0.16000001  0.16000001]
[-0.02  0.02]
[-0.06        0.06000002]
[-0.06        0.05999999]
[ 0.04 -0.04]
[-0.02  0.02]
[ 0.02       -0.01999999]
[ 0.08       -0.08000003]
[ 0.02       -0.01999999]
[-0.06        0.05999999]
[4.47034837e-09 1.78813935e-08]
[ 0.08       -0.08000003]
[ 0.02       -0.01999999]
[ 0.04 -0.04]
[-0.03999999  0.03999998]
[ 0.02       -0.02000002]
[ 0.06       -0.05999998]
[ 0.04 -0.04]
[-0.02  0.02]
[-0.02  0.02]
[ 4.47034837e-09 -1.19209289e-08]
[-0.04000001  0.03999998]
[ 0.08 -0.08]
[ 0.01999999 -0.01999999]
[ 0.04 -0.04]
[-0.02000001  0.02      ]
[ 0.12       -0.11999999]
[-0.02        0.02000001]
[-0.06        0.06000002]
[ 0.06       -0.06000001]
[ 4.47034837e-09 -1.19209289e-08]
[4.47034837e-09 1.78813935e-08]
[ 0.02       -0.02000002]
[-0.1         0.09999998]
[ 0.04 -0.04]
[7.45058071e-10 1.78813935e-08]
[ 0.06       -0.05999998]
[-0.08        0.07999997]
[ 0.06       -0.06000001]
[-0.1  0.1]
[-0.02  0.02]
[-0.04000001  0.03999998]
[ 0.02       -0.01999999]
[-0.07999999  0.08      ]
[-2.98023223e-09 -1.19209289e-08]
[-0.02  0.02]
[ 7.45058071e-10 -1.19209289e-08]
[ 4.47034837e-09 -1.19209289e-08]
[ 7.45058071e-10 -1.19209289e-08]
[ 0.12       -0.12000002]
[ 0.02       -0.01999999]
[-0.02  0.02]
[ 0.02       -0.01999999]
[ 0.06       -0.06000001]
[ 0.12       -0.11999999]
[ 0.02       -0.01999999]
[ 0.08 -0.08]
[ 0.04       -0.03999999]
[-0.03999999  0.03999998]
[ 4.47034837e-09 -1.19209289e-08]
[ 0.04 -0.04]
[ 0.04 -0.04]
[-6.70552253e-09 -1.19209289e-08]
[-0.16        0.16000001]
[-0.07999999  0.08      ]
[-0.11999999  0.11999999]
[ 0.06       -0.05999998]
[ 0.02       -0.01999999]
[ 0.02       -0.01999999]
[-0.04000001  0.03999998]
[ 0.04       -0.03999997]
[-2.98023223e-09  1.78813935e-08]
[ 0.06       -0.05999998]
[ 0.06       -0.06000001]
[-0.02  0.02]
[-0.06        0.05999999]
[ 0.12       -0.12000002]
[ 0.14 -0.14]
[-0.03999999  0.03999998]
[ 0.02       -0.02000002]
[-0.06000001  0.06000001]
[-2.98023223e-09 -1.19209289e-08]
[ 4.47034837e-09 -1.19209289e-08]
[-0.1         0.09999998]
[-0.02  0.02]
[-0.04        0.04000001]
[-0.06000001  0.05999999]
[ 0.06       -0.05999998]
[ 0.01999999 -0.01999999]
