[-0.8  0.8]
[ 0.2        -0.19999998]
[ 0.2 -0.2]
[ 0.18       -0.18000002]
[ 0.2        -0.19999999]
[ 0.18 -0.18]
[ 0.14 -0.14]
[ 0.14 -0.14]
[ 0.16       -0.16000001]
[ 0.18       -0.18000002]
[ 0.16       -0.15999998]
[ 0.18       -0.17999999]
[ 0.18       -0.18000002]
[-0.02  0.02]
[ 0.12       -0.11999999]
[ 0.06       -0.05999998]
[ 0.04 -0.04]
[ 0.18       -0.17999999]
[ 0.04       -0.04000003]
[-0.12        0.12000002]
[-0.04000001  0.03999998]
[ 0.2        -0.20000003]
[ 0.12       -0.11999999]
[ 0.14       -0.13999997]
[ 0.06       -0.06000001]
[ 0.12       -0.11999999]
[ 0.16       -0.15999998]
[ 0.04       -0.03999997]
[-0.06        0.06000002]
[ 0.18       -0.17999999]
[ 0.1        -0.10000001]
[ 0.16       -0.16000001]
[ 0.18       -0.17999999]
[-0.02  0.02]
[ 0.16       -0.15999998]
[ 0.2        -0.20000003]
[ 0.06       -0.05999998]
[ 0.1        -0.10000001]
[ 0.08       -0.08000003]
[ 4.47034837e-09 -1.19209289e-08]
[-0.02  0.02]
[ 0.12       -0.12000002]
[ 0.04 -0.04]
[ 0.02       -0.02000002]
[ 0.12       -0.12000002]
[-0.02000001  0.02      ]
[ 0.14 -0.14]
[ 0.14 -0.14]
[ 0.16       -0.15999998]
[4.47034837e-09 1.78813935e-08]
[ 0.08 -0.08]
[ 0.14       -0.13999997]
[ 0.12       -0.12000002]
[-0.04        0.04000001]
[ 0.14       -0.13999997]
[ 0.14       -0.13999997]
[ 0.14 -0.14]
[ 0.08 -0.08]
[ 0.06       -0.06000001]
[ 0.08 -0.08]
[ 0.04 -0.04]
[ 0.06       -0.05999998]
[ 7.45058071e-10 -1.19209289e-08]
[ 0.08       -0.08000001]
[-0.04        0.04000001]
[ 0.08 -0.08]
[ 0.12       -0.12000002]
[ 0.12       -0.11999999]
[ 0.12       -0.11999999]
[ 0.08 -0.08]
[ 0.1        -0.10000001]
[ 0.1        -0.09999998]
[ 0.16       -0.16000001]
[ 0.12       -0.11999999]
[ 0.06       -0.05999998]
[ 0.12       -0.12000002]
[ 0.1        -0.10000001]
[ 0.12       -0.11999999]
[-0.03999999  0.04000001]
[ 0.16       -0.16000001]
[ 0.14       -0.13999997]
[ 0.08 -0.08]
[ 0.08       -0.08000003]
[ 0.12       -0.11999999]
[ 0.08 -0.08]
[ 0.12       -0.12000002]
[ 0.1        -0.10000001]
[ 0.08 -0.08]
[ 0.12       -0.12000002]
[-0.04        0.04000001]
[ 0.12       -0.11999999]
[ 0.14 -0.14]
[ 0.06       -0.06000001]
[ 0.14 -0.14]
[ 0.12       -0.12000002]
[ 0.04       -0.03999997]
[ 0.04 -0.04]
[ 0.1        -0.10000001]
[ 0.08 -0.08]
[ 7.45058071e-10 -1.19209289e-08]
[ 0.1        -0.09999998]
[ 0.12       -0.11999999]
[ 0.12       -0.12000002]
[ 0.1        -0.09999998]
[ 0.12       -0.11999999]
[-0.02  0.02]
[-0.16        0.15999998]
[ 0.1        -0.10000001]
[ 0.04 -0.04]
[ 0.14 -0.14]
[ 0.18       -0.18000002]
[7.45058071e-10 1.78813935e-08]
[ 0.06       -0.05999998]
[ 0.18       -0.18000002]
[ 0.16       -0.15999998]
[ 0.18       -0.17999999]
[ 0.1        -0.09999998]
[ 0.04 -0.04]
[ 0.16       -0.16000001]
[ 0.1        -0.09999998]
[ 0.1        -0.10000001]
[ 4.47034837e-09 -1.19209289e-08]
[-0.11999999  0.12000002]
[ 0.06       -0.05999998]
[ 0.12       -0.11999999]
[ 0.1        -0.10000004]
[ 0.06       -0.06000001]
[ 0.02       -0.01999999]
[ 0.02       -0.01999999]
[ 0.12       -0.12000002]
[ 0.16       -0.15999998]
[ 0.16       -0.16000001]
[ 0.08       -0.08000003]
[ 0.02       -0.01999999]
[ 0.08       -0.08000003]
[ 0.12       -0.12000002]
[ 7.45058071e-10 -1.19209289e-08]
[ 0.08       -0.08000003]
[ 0.1        -0.10000001]
[ 0.14       -0.14000003]
[ 0.12       -0.11999999]
[ 0.14 -0.14]
[ 0.12       -0.12000002]
[ 0.2        -0.19999997]
[ 0.14       -0.13999997]
[ 0.1        -0.09999998]
[ 0.08       -0.08000003]
[ 0.14 -0.14]
[ 0.14       -0.14000003]
[ 0.12       -0.11999999]
[ 0.14 -0.14]
[ 0.14 -0.14]
[ 0.14       -0.14000003]
[ 0.12       -0.12000002]
[ 0.14       -0.14000003]
[ 0.04 -0.04]
[ 0.12       -0.11999999]
[ 0.16       -0.16000004]
[ 0.12       -0.12000002]
[ 0.16       -0.15999998]
[ 0.2 -0.2]
[ 0.18       -0.18000002]
[ 0.04 -0.04]
[ 0.01999999 -0.01999999]
[ 0.16       -0.16000001]
[ 0.1        -0.10000001]
[ 0.14 -0.14]
[-0.06        0.06000002]
[ 0.14 -0.14]
[ 0.16       -0.16000001]
[ 0.12       -0.12000002]
[ 0.16       -0.16000004]
[ 0.2        -0.19999997]
[ 0.18       -0.17999999]
[ 0.2 -0.2]
[ 0.2 -0.2]
[ 0.04       -0.03999997]
[ 0.12       -0.11999999]
[ 0.18       -0.17999999]
[ 0.14 -0.14]
[ 0.04       -0.03999997]
[ 0.02       -0.02000002]
[ 0.18       -0.17999999]
[-0.02        0.02000001]
[-0.03999999  0.03999998]
[ 0.14       -0.13999997]
[ 0.2        -0.20000003]
[ 0.18       -0.17999999]
[ 0.1        -0.09999998]
[ 0.16       -0.16000001]
[ 0.1        -0.10000001]
[ 0.02       -0.01999999]
[ 0.06       -0.05999998]
[ 0.12       -0.12000002]
[-0.02        0.02000001]
[ 0.12       -0.12000002]
[ 0.18       -0.17999999]
[ 0.14 -0.14]
[ 0.16       -0.15999998]
[-0.02        0.02000001]
[ 0.14       -0.14000003]
[ 0.06       -0.05999998]
[ 0.14 -0.14]
[ 0.06       -0.06000001]
[ 0.18       -0.17999999]
[ 0.18       -0.18000002]
[ 0.02       -0.02000001]
[ 0.16       -0.16000004]
[ 0.16       -0.15999998]
[-6.70552253e-09  2.98023228e-09]
[ 0.14 -0.14]
[ 0.1        -0.10000001]
[-0.02        0.01999998]
[ 0.16       -0.15999998]
[ 0.02       -0.01999999]
[ 0.14 -0.14]
[ 0.1        -0.10000001]
[ 0.14 -0.14]
[ 0.14 -0.14]
[4.47034837e-09 2.98023228e-09]
[ 0.04       -0.03999997]
[ 0.12       -0.11999999]
[ 0.12       -0.11999999]
[ 0.16       -0.16000001]
[ 0.2        -0.20000003]
[ 0.2        -0.20000003]
[ 0.12       -0.11999999]
[ 0.16       -0.15999998]
[ 0.16       -0.15999998]
[ 4.47034837e-09 -2.68220901e-08]
[ 0.2 -0.2]
[ 0.14 -0.14]
[ 0.2        -0.19999997]
[ 0.12       -0.12000002]
[ 0.12       -0.11999999]
[ 0.08       -0.08000003]
[ 0.08 -0.08]
[ 0.1        -0.09999998]
[ 0.16       -0.16000001]
[ 0.18       -0.18000002]
[ 0.08       -0.08000001]
[ 0.18       -0.17999999]
[ 0.04       -0.03999999]
[ 0.08       -0.07999998]
[ 0.2        -0.19999997]
[ 0.12       -0.11999999]
[ 0.16       -0.16000004]
[ 0.06       -0.05999998]
[ 0.12       -0.11999999]
[ 0.08 -0.08]
[ 0.2        -0.20000003]
[ 0.04 -0.04]
[ 0.14       -0.14000003]
[ 0.14 -0.14]
[ 0.1        -0.09999998]
[ 0.1        -0.09999998]
[ 0.16       -0.16000001]
[ 0.12       -0.12000002]
[ 0.18       -0.17999999]
[ 0.08       -0.08000003]
[ 0.18       -0.17999999]
[ 0.16       -0.16000001]
[ 0.08       -0.08000003]
[ 0.08 -0.08]
[ 0.1        -0.09999998]
[ 0.1        -0.09999998]
[ 0.12       -0.12000002]
[ 0.12       -0.12000002]
[ 0.06       -0.06000001]
[ 0.16       -0.15999998]
[ 0.16       -0.16000001]
[ 0.2        -0.19999997]
[ 0.14 -0.14]
[ 0.18       -0.17999999]
[ 0.2        -0.19999997]
[ 0.16       -0.16000001]
[ 0.12       -0.11999999]
[ 0.16       -0.15999998]
[ 0.14 -0.14]
[ 0.12       -0.12000002]
[ 0.02       -0.02000002]
[ 0.14       -0.14000003]
[ 0.12       -0.11999999]
[-0.06        0.05999999]
[ 0.16       -0.16000004]
[ 0.06       -0.05999998]
[ 0.14 -0.14]
[ 0.14 -0.14]
[ 0.14       -0.14000003]
[ 0.14       -0.13999998]
[ 0.08       -0.08000003]
[ 0.02       -0.02000002]
[ 0.1        -0.10000004]
[ 0.2        -0.20000003]
[ 0.2        -0.20000003]
[ 0.08 -0.08]
[ 0.14       -0.14000003]
[ 0.06       -0.06000001]
[ 0.14       -0.14000003]
[ 0.12       -0.12000002]
[-0.1  0.1]
[ 0.16       -0.16000001]
[ 0.12       -0.12000002]
[ 0.04       -0.04000003]
[ 0.12       -0.12000002]
[ 0.14 -0.14]
[ 0.18       -0.17999999]
[ 0.04       -0.03999997]
[ 0.12       -0.12000002]
[ 0.18       -0.17999999]
[ 0.06       -0.06000001]
[ 0.06       -0.06000001]
[ 0.12       -0.12000002]
[ 0.18       -0.17999999]
[ 0.12       -0.12000002]
[ 0.16       -0.15999998]
[ 0.1        -0.10000001]
[ 0.08 -0.08]
[ 0.12       -0.11999999]
[ 0.14 -0.14]
[ 0.02       -0.01999999]
[ 0.06       -0.06000001]
[ 0.12       -0.11999999]
[ 0.2        -0.20000003]
[ 0.14 -0.14]
[ 0.18       -0.17999999]
[ 0.18       -0.17999999]
[ 0.04       -0.03999999]
[ 0.06       -0.05999998]
[ 0.06       -0.06000001]
[ 0.14       -0.14000003]
[ 0.16       -0.16000001]
[-0.04000001  0.04000001]
[ 0.04 -0.04]
[ 0.08 -0.08]
[ 0.2        -0.19999997]
[ 7.45058071e-10 -1.19209289e-08]
[ 0.02       -0.01999999]
[4.47034837e-09 1.78813935e-08]
[ 0.04       -0.03999997]
[ 0.1        -0.10000001]
[-0.04        0.03999999]
[ 0.06       -0.06000001]
[ 0.12       -0.11999999]
[ 0.12       -0.12000002]
[ 0.1        -0.10000001]
[ 0.12       -0.11999999]
[ 0.2 -0.2]
[ 0.12       -0.12000002]
[ 0.18       -0.17999999]
[4.47034837e-09 1.78813935e-08]
[ 0.06       -0.05999998]
[ 0.16       -0.16000001]
[ 0.08       -0.08000003]
[ 0.08 -0.08]
[ 0.08 -0.08]
[ 0.08       -0.08000003]
[ 0.16       -0.15999998]
[ 0.18       -0.18000002]
[ 0.12       -0.11999999]
[-0.09999999  0.10000001]
[ 0.18       -0.18000002]
[ 0.14       -0.13999997]
[ 0.1        -0.10000001]
[ 0.16       -0.16000001]
[ 0.18       -0.17999999]
[-0.02        0.02000001]
[ 0.04 -0.04]
[ 0.16       -0.16000004]
[ 0.2 -0.2]
[ 0.08 -0.08]
[-0.02        0.01999998]
[ 0.04 -0.04]
[ 0.18       -0.18000002]
[ 0.08 -0.08]
[ 0.14 -0.14]
[ 0.14       -0.14000003]
[-0.15999999  0.16      ]
[ 0.06       -0.06000001]
[ 0.18       -0.17999999]
[ 0.04 -0.04]
[ 0.14 -0.14]
[ 0.16       -0.16000001]
[ 0.16       -0.15999998]
[ 0.08       -0.08000003]
[ 0.14       -0.14000003]
[ 0.1        -0.10000001]
[ 0.16       -0.15999998]
[ 0.2        -0.19999997]
[ 0.06       -0.05999998]
[ 0.2 -0.2]
[ 0.06       -0.06000001]
[ 0.14 -0.14]
[4.47034837e-09 1.78813935e-08]
